201 205 205 205 205 205 205 205 205 254 254 254 205 205 205 205 205 205 205 205 205 205 205 205 187
186 46  46  46  46  46  46  46  46  46  33  46  46  46  46  46  46  46  46  46  46  46  46  46  186
186 46  46  46  46  46  46  46  46  46  46  46  46  46  46  46  46  46  46  46  46  46  46  46  186
186 46  46  46  67  46  46  46  46  46  46  46  46  46  46  46  46  46  46  46  46  46  42  46  186
186 46  46  46  46  46  46  46  46  46  46  46  46  46  46  46  46  46  46  46  46  46  46  46  186
186 46  46  46  46  46  46  46  46  46  46  46  46  46  46  46  46  46  46  46  46  46  46  46  186
186 46  46  84  46  46  46  46  46  46  46  46  46  46  46  46  46  46  46  46  46  46  46  46  186
186 46  46  46  46  46  46  46  46  46  46  46  46  46  46  46  42  46  46  46  46  46  46  46  186
186 46  46  46  46  46  46  46  46  46  46  46  46  46  46  46  46  46  46  46  46  46  46  46  186
186 46  46  46  46  46  46  46  46  46  46  46  46  46  46  46  46  46  46  46  46  46  46  46  186
186 46  46  46  46  46  46  46  46  46  46  46  46  46  46  46  46  46  46  46  46  46  46  46  186
186 46  46  46  46  42  46  46  46  46  46  46  46  46  46  46  46  46  46  46  46  46  46  46  186
186 46  46  46  46  46  46  46  46  46  46  46  46  46  46  46  46  46  46  46  46  46  87  46  186
186 46  46  46  46  46  46  46  46  46  46  46  46  46  46  46  46  46  46  46  46  46  46  46  186
186 46  46  46  46  46  46  46  46  46  46  46  46  46  46  46  46  46  46  46  46  46  46  46  186
186 46  46  46  46  46  46  46  46  46  46  46  46  46  46  46  46  46  46  46  46  46  67  46  186
186 67  46  46  46  46  46  90  46  46  46  46  46  46  46  46  79  46  46  46  46  46  46  46  186
200 205 205 205 205 205 205 205 205 44  44  44  205 205 205 205 205 205 205 205 205 205 205 205 188