201 205 205 205 205 205 205 205 205 44  44  44  205 205 205 205 205 205 205 205 205 205 205 205 187
186 46  46  46  46  46  46  46  46  46  46  46  46  46  46  46  46  46  46  46  46  46  46  46  186
186 42  42  46  46  46  46  46  46  46  46  46  46  46  46  46  46  46  87  46  46  46  46  46  186
186 67  42  46  46  46  46  46  46  46  46  46  46  46  46  46  46  46  46  46  46  46  46  46  186
186 42  42  46  46  46  46  46  46  46  46  46  46  46  46  46  46  46  46  46  46  46  46  46  186
204 205 205 205 205 205 205 205 205 205 205 46  46  46  46  42  46  46  46  46  46  46  46  46  186
186 46  46  46  46  46  46  46  46  46  46  46  46  46  46  46  46  46  46  46  46  46  46  67  186
186 46  46  46  46  46  46  46  46  46  46  46  46  46  46  46  46  46  46  46  46  46  46  46  186
186 46  46  46  46  46  46  46  46  46  46  46  46  186 46  46  46  46  46  201 205 205 205 205 185
186 46  46  46  46  46  46  46  46  46  46  46  46  186 46  46  46  46  46  186  46  76  46  46 186
186 46  46  46  124 124 46  46  46  46  46  46  46  186 46  46  84  46  46  186  46  46  46  46 186
186 46  46  186 46  46  186 46  46  46  46  46  46  186 46  46  46  46  46  186  46  79  46  46 186
186 46  46  186 46  46  186 46  46  46  46  46  46  186 46  46  46  46  46  186  46  46  46  46 186
186 67  46  186 46  46  186 46  46  46  46  46  46  186 46  46  67  46  46  186  46  46  46  46 186
204 205 205 188 46  46  200 205 205 205 205 205 205 202 205 205 205 205 205 188  46  46  46  46 186
254 33  46  46  46  46  46  46  46  46  46  46  46  46  46  46  46  46  46  46  46  90  46  46  186
254 46  46  46  46  46  46  46  46  46  46  67  46  46  46  46  46  46  46  46  46  46  46  46  186
200 205 205 205 205 205 205 205 205 205 205 205 205 205 205 205 205 205 205 205 205 205 205 205 188