201 205 205 205 205 203 205 205 205 205 205 205 205 205 205 205 205 205 205 205 205 205 205 205 187 
186 46  46  46  46  186 46  46  46  46  46  46  46  46  46  46  46  46  46  46  46  46  46  46  186
186 46  33  46  46  186 46  46  90  46  46  46  46  46  46  46  46  46  87  46  46  46  46  46  186
186 46  46  46  46  124 46  46  46  46  46  46  46  46  46  46  46  46  46  46  46  46  46  46  186
186 46  76  46  46  124 46  46  46  46  46  46  46  46  201 205 205 205 205 205 205 205 205 205 185
204 205 205 205 205 188 46  46  46  46  46  46  46  46  46  46  46  46  46  46  46  46  46  46  186
186 46  46  46  46  46  46  46  46  46  46  46  46  46  46  46  79  46  46  46  46  46  46  67  186
186 46  46  46  46  46  46  46  46  46  46  46  46  46  46  46  46  46  46  46  46  46  46  46  186
186 46  46  46  46  46  186 46  46  46  46  46  46  46  200 205 205 205 205 203 205 205 205 205 185
186 46  46  46  46  46  186 46  46  46  46  46  46  46  46  46  46  46  46  186 46  46  46  67  186
186 46  46  46  46  46  186 46  46  46  46  46  46  46  46  46  46  46  46  186 46  46  46  46  186
204 205 205 205 205 205 202 205 205 187 46  46  201 205 205 205 205 205 205 188 46  84  46  46  186
186 46  46  46  46  46  46  46  46  46  46  46  46  46  46  46  46  46  46  46  46  46  46  46  186
186 46  46  46  46  46  46  46  46  46  46  46  46  46  46  46  46  46  46  46  46  46  46  46  186
204 205 205 205 205 205 205 205 205 188 46  46  200 205 205 205 205 205 205 205 205 205 42  205 188
186 46  46  46  67  46  46  42  46  46  46  46  46  46  46  46  46  46  46  46  46  46  46  46  44
186 46  46  46  46  46  46  42  46  46  46  46  46  46  46  46  46  46  46  46  46  46  46  46  44
200 205 205 205 205 205 205 205 205 205 205 205 205 205 205 205 205 205 205 205 205 205 205 205 188